{
 "cells": [
  {
   "cell_type": "code",
   "execution_count": 1,
   "id": "1909603d-f47c-44f7-ba12-359f0704bb0e",
   "metadata": {},
   "outputs": [
    {
     "name": "stderr",
     "output_type": "stream",
     "text": [
      "/Users/zeynepenkavi/.pyenv/versions/3.8.3/envs/py-dvl-fmri/lib/python3.8/site-packages/nilearn/datasets/__init__.py:86: FutureWarning: Fetchers from the nilearn.datasets module will be updated in version 0.9 to return python strings instead of bytes and Pandas dataframes instead of Numpy arrays.\n",
      "  warn(\"Fetchers from the nilearn.datasets module will be \"\n"
     ]
    }
   ],
   "source": [
    "import matplotlib.pyplot as plt\n",
    "%matplotlib inline\n",
    "import nibabel as nib\n",
    "from nilearn.plotting import plot_design_matrix, plot_stat_map, view_img\n",
    "from nilearn.reporting import get_clusters_table\n",
    "from nilearn import datasets\n",
    "import glob\n",
    "import os\n",
    "import numpy as np\n",
    "import pandas as pd"
   ]
  },
  {
   "cell_type": "code",
   "execution_count": 2,
   "id": "4f0409d5-6181-4913-b993-22e645f50e0f",
   "metadata": {},
   "outputs": [],
   "source": [
    "def get_filt_tval_img(reg, reg_rt = \"1\", mnum = \"1\", mname = 'overall_mean', tstat=\"1\", threshold=0.95):\n",
    "    \n",
    "    level3_path = '/Users/zeynepenkavi/Downloads/GTavares_2017_arbitration/bids_nifti_wface/derivatives/nilearn/glm/level3/'\n",
    "    model_path = 'model'+mnum+'_reg-rt'+reg_rt\n",
    "    img_path = os.path.join(level3_path, model_path, mname, reg+'_'+model_path)\n",
    "    \n",
    "    \n",
    "    pos_pval_fn = 'rand_tfce_corrp_%s_%s_model%s_reg-rt%s_tstat%s.nii.gz'%(mname, reg, mnum, reg_rt, tstat)\n",
    "    neg_pval_fn = 'rand_tfce_corrp_%s_%s_model%s_reg-rt%s_tstat%s.nii.gz'%(mname, 'neg_'+reg, mnum, reg_rt, tstat)\n",
    "    tval_fn = 'rand_tfce_%s_%s_model%s_reg-rt%s_tstat%s.nii.gz'%(mname, reg, mnum, reg_rt, tstat)\n",
    "    \n",
    "    pos_pval_img = os.path.join(img_path, pos_pval_fn)\n",
    "    neg_pval_img = os.path.join(img_path, neg_pval_fn)\n",
    "    tval_img = os.path.join(img_path, tval_fn)\n",
    "    \n",
    "    pos_pval_img = nib.load(pos_pval_img)\n",
    "    neg_pval_img = nib.load(neg_pval_img)\n",
    "    tval_img = nib.load(tval_img)\n",
    "    \n",
    "    tval_data = tval_img.get_fdata()\n",
    "    pos_pval_data = pos_pval_img.get_fdata()\n",
    "    neg_pval_data = neg_pval_img.get_fdata()\n",
    "    \n",
    "    filt_tval_data = np.where(pos_pval_data > threshold, tval_data, np.where(neg_pval_data > threshold, tval_data, 0))\n",
    "    filt_tval_img = nib.Nifti1Image(filt_tval_data.astype(np.float64), tval_img.affine)\n",
    "    \n",
    "    return filt_tval_img\n",
    "\n",
    "def plot_filt_tval_img(reg, reg_rt = \"1\", mnum = \"1\", mname = 'overall_mean', tstat=\"1\", threshold=0.95, interactive=False, cut_coords = None, display_mode = 'ortho', draw_cross=False):\n",
    "    filt_tval_img = get_filt_tval_img(reg=reg, reg_rt = reg_rt, mnum = mnum, mname = mname, tstat=tstat, threshold=threshold)\n",
    "    if(len(np.unique(filt_tval_img.get_fdata())) == 1):\n",
    "        print('Nothing survives correction for %s, model = %s, tstat = %s'%(reg, mnum, tstat))\n",
    "    elif interactive:\n",
    "        view = view_img(filt_tval_img, \n",
    "             draw_cross=draw_cross,\n",
    "             title='%s_model%s_reg-rt%s'%(reg, mnum, reg_rt), cut_coords = cut_coords)\n",
    "        \n",
    "        return view\n",
    "    else:\n",
    "        print('Plotting tvalues filtered for corrected p values < %s'%str(round(1-threshold, 2)))\n",
    "        plot_stat_map(filt_tval_img, \n",
    "             draw_cross=draw_cross,\n",
    "             title='%s_model%s_reg-rt%s'%(reg, mnum, reg_rt), cut_coords = cut_coords, display_mode = display_mode)\n",
    "\n",
    "def get_mean_cor_df(reg_rt = \"1\", mnum = \"1\"):\n",
    "    \n",
    "    level3_path = '/Users/zeynepenkavi/Downloads/GTavares_2017_arbitration/bids_nifti_wface/derivatives/nilearn/glm/level3/'\n",
    "    model_path = 'model'+mnum+'_reg-rt'+reg_rt\n",
    "    df_path = os.path.join(level3_path, model_path, model_path+'_mean_desmat_cor.csv')\n",
    "    \n",
    "    mean_cor_df = pd.read_csv(df_path)\n",
    "    \n",
    "    return(mean_cor_df)"
   ]
  },
  {
   "cell_type": "markdown",
   "id": "aa6360f7-b77f-4cbc-a488-a86fe81885e1",
   "metadata": {},
   "source": [
    "# Regressor types\n",
    "\n",
    "- ev = event; amplitude = 1  \n",
    "- par = parametric; amplitude = demeaned    \n",
    "- st = stick (0 duration); amplitude = 1 "
   ]
  },
  {
   "cell_type": "markdown",
   "id": "2988c43c-f150-453f-91ec-c7f04c772491",
   "metadata": {},
   "source": [
    "# Model 1(a): fractalProb_ev + stim_ev + choice(Shift)_st + reward_ev"
   ]
  },
  {
   "cell_type": "markdown",
   "id": "9846b0f4-92cd-4c6d-a10c-f98ecc9108d2",
   "metadata": {},
   "source": [
    "Correlation between regressors averaged across subjects and runs"
   ]
  },
  {
   "cell_type": "code",
   "execution_count": 3,
   "id": "1b85ffe1-3405-49ea-9078-38979d8335e7",
   "metadata": {},
   "outputs": [
    {
     "data": {
      "text/html": [
       "<div>\n",
       "<style scoped>\n",
       "    .dataframe tbody tr th:only-of-type {\n",
       "        vertical-align: middle;\n",
       "    }\n",
       "\n",
       "    .dataframe tbody tr th {\n",
       "        vertical-align: top;\n",
       "    }\n",
       "\n",
       "    .dataframe thead th {\n",
       "        text-align: right;\n",
       "    }\n",
       "</style>\n",
       "<table border=\"1\" class=\"dataframe\">\n",
       "  <thead>\n",
       "    <tr style=\"text-align: right;\">\n",
       "      <th></th>\n",
       "      <th>Unnamed: 0</th>\n",
       "      <th>choice_st</th>\n",
       "      <th>cross_ev</th>\n",
       "      <th>fractalProb_ev</th>\n",
       "      <th>reward_ev</th>\n",
       "      <th>stim_ev</th>\n",
       "    </tr>\n",
       "  </thead>\n",
       "  <tbody>\n",
       "    <tr>\n",
       "      <th>0</th>\n",
       "      <td>choice_st</td>\n",
       "      <td>1.000000</td>\n",
       "      <td>-0.793486</td>\n",
       "      <td>0.882699</td>\n",
       "      <td>0.280571</td>\n",
       "      <td>0.813505</td>\n",
       "    </tr>\n",
       "    <tr>\n",
       "      <th>1</th>\n",
       "      <td>cross_ev</td>\n",
       "      <td>-0.793486</td>\n",
       "      <td>1.000000</td>\n",
       "      <td>-0.526050</td>\n",
       "      <td>-0.696919</td>\n",
       "      <td>-0.822175</td>\n",
       "    </tr>\n",
       "    <tr>\n",
       "      <th>2</th>\n",
       "      <td>fractalProb_ev</td>\n",
       "      <td>0.882699</td>\n",
       "      <td>-0.526050</td>\n",
       "      <td>1.000000</td>\n",
       "      <td>-0.102470</td>\n",
       "      <td>0.593296</td>\n",
       "    </tr>\n",
       "    <tr>\n",
       "      <th>3</th>\n",
       "      <td>reward_ev</td>\n",
       "      <td>0.280571</td>\n",
       "      <td>-0.696919</td>\n",
       "      <td>-0.102470</td>\n",
       "      <td>1.000000</td>\n",
       "      <td>0.446294</td>\n",
       "    </tr>\n",
       "    <tr>\n",
       "      <th>4</th>\n",
       "      <td>stim_ev</td>\n",
       "      <td>0.813505</td>\n",
       "      <td>-0.822175</td>\n",
       "      <td>0.593296</td>\n",
       "      <td>0.446294</td>\n",
       "      <td>1.000000</td>\n",
       "    </tr>\n",
       "  </tbody>\n",
       "</table>\n",
       "</div>"
      ],
      "text/plain": [
       "       Unnamed: 0  choice_st  cross_ev  fractalProb_ev  reward_ev   stim_ev\n",
       "0       choice_st   1.000000 -0.793486        0.882699   0.280571  0.813505\n",
       "1        cross_ev  -0.793486  1.000000       -0.526050  -0.696919 -0.822175\n",
       "2  fractalProb_ev   0.882699 -0.526050        1.000000  -0.102470  0.593296\n",
       "3       reward_ev   0.280571 -0.696919       -0.102470   1.000000  0.446294\n",
       "4         stim_ev   0.813505 -0.822175        0.593296   0.446294  1.000000"
      ]
     },
     "execution_count": 3,
     "metadata": {},
     "output_type": "execute_result"
    }
   ],
   "source": [
    "get_mean_cor_df(reg_rt = \"0\", mnum = \"1\")"
   ]
  },
  {
   "cell_type": "code",
   "execution_count": 4,
   "id": "4848bed9-2338-4299-91aa-3935c22013bc",
   "metadata": {},
   "outputs": [
    {
     "data": {
      "text/html": [
       "<div>\n",
       "<style scoped>\n",
       "    .dataframe tbody tr th:only-of-type {\n",
       "        vertical-align: middle;\n",
       "    }\n",
       "\n",
       "    .dataframe tbody tr th {\n",
       "        vertical-align: top;\n",
       "    }\n",
       "\n",
       "    .dataframe thead th {\n",
       "        text-align: right;\n",
       "    }\n",
       "</style>\n",
       "<table border=\"1\" class=\"dataframe\">\n",
       "  <thead>\n",
       "    <tr style=\"text-align: right;\">\n",
       "      <th></th>\n",
       "      <th>Unnamed: 0</th>\n",
       "      <th>choiceShift_st</th>\n",
       "      <th>cross_ev</th>\n",
       "      <th>fractalProb_ev</th>\n",
       "      <th>reward_ev</th>\n",
       "      <th>stim_ev</th>\n",
       "    </tr>\n",
       "  </thead>\n",
       "  <tbody>\n",
       "    <tr>\n",
       "      <th>0</th>\n",
       "      <td>choiceShift_st</td>\n",
       "      <td>1.000000</td>\n",
       "      <td>-0.905764</td>\n",
       "      <td>0.469240</td>\n",
       "      <td>0.745734</td>\n",
       "      <td>0.810597</td>\n",
       "    </tr>\n",
       "    <tr>\n",
       "      <th>1</th>\n",
       "      <td>cross_ev</td>\n",
       "      <td>-0.905764</td>\n",
       "      <td>1.000000</td>\n",
       "      <td>-0.526050</td>\n",
       "      <td>-0.696919</td>\n",
       "      <td>-0.822175</td>\n",
       "    </tr>\n",
       "    <tr>\n",
       "      <th>2</th>\n",
       "      <td>fractalProb_ev</td>\n",
       "      <td>0.469240</td>\n",
       "      <td>-0.526050</td>\n",
       "      <td>1.000000</td>\n",
       "      <td>-0.102470</td>\n",
       "      <td>0.593296</td>\n",
       "    </tr>\n",
       "    <tr>\n",
       "      <th>3</th>\n",
       "      <td>reward_ev</td>\n",
       "      <td>0.745734</td>\n",
       "      <td>-0.696919</td>\n",
       "      <td>-0.102470</td>\n",
       "      <td>1.000000</td>\n",
       "      <td>0.446294</td>\n",
       "    </tr>\n",
       "    <tr>\n",
       "      <th>4</th>\n",
       "      <td>stim_ev</td>\n",
       "      <td>0.810597</td>\n",
       "      <td>-0.822175</td>\n",
       "      <td>0.593296</td>\n",
       "      <td>0.446294</td>\n",
       "      <td>1.000000</td>\n",
       "    </tr>\n",
       "  </tbody>\n",
       "</table>\n",
       "</div>"
      ],
      "text/plain": [
       "       Unnamed: 0  choiceShift_st  cross_ev  fractalProb_ev  reward_ev  \\\n",
       "0  choiceShift_st        1.000000 -0.905764        0.469240   0.745734   \n",
       "1        cross_ev       -0.905764  1.000000       -0.526050  -0.696919   \n",
       "2  fractalProb_ev        0.469240 -0.526050        1.000000  -0.102470   \n",
       "3       reward_ev        0.745734 -0.696919       -0.102470   1.000000   \n",
       "4         stim_ev        0.810597 -0.822175        0.593296   0.446294   \n",
       "\n",
       "    stim_ev  \n",
       "0  0.810597  \n",
       "1 -0.822175  \n",
       "2  0.593296  \n",
       "3  0.446294  \n",
       "4  1.000000  "
      ]
     },
     "execution_count": 4,
     "metadata": {},
     "output_type": "execute_result"
    }
   ],
   "source": [
    "get_mean_cor_df(reg_rt = \"0\", mnum = \"1a\")"
   ]
  },
  {
   "cell_type": "code",
   "execution_count": 5,
   "id": "89b341db-2de4-4524-87c4-4331ba67b3f3",
   "metadata": {},
   "outputs": [
    {
     "data": {
      "text/html": [
       "<div>\n",
       "<style scoped>\n",
       "    .dataframe tbody tr th:only-of-type {\n",
       "        vertical-align: middle;\n",
       "    }\n",
       "\n",
       "    .dataframe tbody tr th {\n",
       "        vertical-align: top;\n",
       "    }\n",
       "\n",
       "    .dataframe thead th {\n",
       "        text-align: right;\n",
       "    }\n",
       "</style>\n",
       "<table border=\"1\" class=\"dataframe\">\n",
       "  <thead>\n",
       "    <tr style=\"text-align: right;\">\n",
       "      <th></th>\n",
       "      <th>Unnamed: 0</th>\n",
       "      <th>choice_st</th>\n",
       "      <th>cross_ev</th>\n",
       "      <th>cross_rt</th>\n",
       "      <th>fractalProb_ev</th>\n",
       "      <th>reward_ev</th>\n",
       "      <th>stim_ev</th>\n",
       "      <th>stim_rt</th>\n",
       "    </tr>\n",
       "  </thead>\n",
       "  <tbody>\n",
       "    <tr>\n",
       "      <th>0</th>\n",
       "      <td>choice_st</td>\n",
       "      <td>1.000000</td>\n",
       "      <td>-0.727116</td>\n",
       "      <td>-0.210638</td>\n",
       "      <td>0.882699</td>\n",
       "      <td>0.280571</td>\n",
       "      <td>0.950888</td>\n",
       "      <td>-0.000347</td>\n",
       "    </tr>\n",
       "    <tr>\n",
       "      <th>1</th>\n",
       "      <td>cross_ev</td>\n",
       "      <td>-0.727116</td>\n",
       "      <td>1.000000</td>\n",
       "      <td>0.006921</td>\n",
       "      <td>-0.490320</td>\n",
       "      <td>-0.622647</td>\n",
       "      <td>-0.814128</td>\n",
       "      <td>-0.065464</td>\n",
       "    </tr>\n",
       "    <tr>\n",
       "      <th>2</th>\n",
       "      <td>cross_rt</td>\n",
       "      <td>-0.210638</td>\n",
       "      <td>0.006921</td>\n",
       "      <td>1.000000</td>\n",
       "      <td>-0.250850</td>\n",
       "      <td>-0.100070</td>\n",
       "      <td>-0.179831</td>\n",
       "      <td>-0.021557</td>\n",
       "    </tr>\n",
       "    <tr>\n",
       "      <th>3</th>\n",
       "      <td>fractalProb_ev</td>\n",
       "      <td>0.882699</td>\n",
       "      <td>-0.490320</td>\n",
       "      <td>-0.250850</td>\n",
       "      <td>1.000000</td>\n",
       "      <td>-0.102470</td>\n",
       "      <td>0.711008</td>\n",
       "      <td>-0.000236</td>\n",
       "    </tr>\n",
       "    <tr>\n",
       "      <th>4</th>\n",
       "      <td>reward_ev</td>\n",
       "      <td>0.280571</td>\n",
       "      <td>-0.622647</td>\n",
       "      <td>-0.100070</td>\n",
       "      <td>-0.102470</td>\n",
       "      <td>1.000000</td>\n",
       "      <td>0.519857</td>\n",
       "      <td>-0.101782</td>\n",
       "    </tr>\n",
       "    <tr>\n",
       "      <th>5</th>\n",
       "      <td>stim_ev</td>\n",
       "      <td>0.950888</td>\n",
       "      <td>-0.814128</td>\n",
       "      <td>-0.179831</td>\n",
       "      <td>0.711008</td>\n",
       "      <td>0.519857</td>\n",
       "      <td>1.000000</td>\n",
       "      <td>-0.000236</td>\n",
       "    </tr>\n",
       "    <tr>\n",
       "      <th>6</th>\n",
       "      <td>stim_rt</td>\n",
       "      <td>-0.000347</td>\n",
       "      <td>-0.065464</td>\n",
       "      <td>-0.021557</td>\n",
       "      <td>-0.000236</td>\n",
       "      <td>-0.101782</td>\n",
       "      <td>-0.000236</td>\n",
       "      <td>1.000000</td>\n",
       "    </tr>\n",
       "  </tbody>\n",
       "</table>\n",
       "</div>"
      ],
      "text/plain": [
       "       Unnamed: 0  choice_st  cross_ev  cross_rt  fractalProb_ev  reward_ev  \\\n",
       "0       choice_st   1.000000 -0.727116 -0.210638        0.882699   0.280571   \n",
       "1        cross_ev  -0.727116  1.000000  0.006921       -0.490320  -0.622647   \n",
       "2        cross_rt  -0.210638  0.006921  1.000000       -0.250850  -0.100070   \n",
       "3  fractalProb_ev   0.882699 -0.490320 -0.250850        1.000000  -0.102470   \n",
       "4       reward_ev   0.280571 -0.622647 -0.100070       -0.102470   1.000000   \n",
       "5         stim_ev   0.950888 -0.814128 -0.179831        0.711008   0.519857   \n",
       "6         stim_rt  -0.000347 -0.065464 -0.021557       -0.000236  -0.101782   \n",
       "\n",
       "    stim_ev   stim_rt  \n",
       "0  0.950888 -0.000347  \n",
       "1 -0.814128 -0.065464  \n",
       "2 -0.179831 -0.021557  \n",
       "3  0.711008 -0.000236  \n",
       "4  0.519857 -0.101782  \n",
       "5  1.000000 -0.000236  \n",
       "6 -0.000236  1.000000  "
      ]
     },
     "execution_count": 5,
     "metadata": {},
     "output_type": "execute_result"
    }
   ],
   "source": [
    "get_mean_cor_df(reg_rt = \"1\", mnum = \"1\")"
   ]
  },
  {
   "cell_type": "code",
   "execution_count": 6,
   "id": "6cef8c4b-b215-42d3-8e3d-b08966cd2b9a",
   "metadata": {},
   "outputs": [
    {
     "data": {
      "text/html": [
       "<div>\n",
       "<style scoped>\n",
       "    .dataframe tbody tr th:only-of-type {\n",
       "        vertical-align: middle;\n",
       "    }\n",
       "\n",
       "    .dataframe tbody tr th {\n",
       "        vertical-align: top;\n",
       "    }\n",
       "\n",
       "    .dataframe thead th {\n",
       "        text-align: right;\n",
       "    }\n",
       "</style>\n",
       "<table border=\"1\" class=\"dataframe\">\n",
       "  <thead>\n",
       "    <tr style=\"text-align: right;\">\n",
       "      <th></th>\n",
       "      <th>Unnamed: 0</th>\n",
       "      <th>choiceShift_st</th>\n",
       "      <th>cross_ev</th>\n",
       "      <th>cross_rt</th>\n",
       "      <th>fractalProb_ev</th>\n",
       "      <th>reward_ev</th>\n",
       "      <th>stim_ev</th>\n",
       "      <th>stim_rt</th>\n",
       "    </tr>\n",
       "  </thead>\n",
       "  <tbody>\n",
       "    <tr>\n",
       "      <th>0</th>\n",
       "      <td>choiceShift_st</td>\n",
       "      <td>1.000000</td>\n",
       "      <td>-0.828804</td>\n",
       "      <td>-0.164525</td>\n",
       "      <td>0.469240</td>\n",
       "      <td>0.745734</td>\n",
       "      <td>0.920237</td>\n",
       "      <td>-0.053450</td>\n",
       "    </tr>\n",
       "    <tr>\n",
       "      <th>1</th>\n",
       "      <td>cross_ev</td>\n",
       "      <td>-0.828804</td>\n",
       "      <td>1.000000</td>\n",
       "      <td>0.006921</td>\n",
       "      <td>-0.490320</td>\n",
       "      <td>-0.622647</td>\n",
       "      <td>-0.814128</td>\n",
       "      <td>-0.065464</td>\n",
       "    </tr>\n",
       "    <tr>\n",
       "      <th>2</th>\n",
       "      <td>cross_rt</td>\n",
       "      <td>-0.164525</td>\n",
       "      <td>0.006921</td>\n",
       "      <td>1.000000</td>\n",
       "      <td>-0.250850</td>\n",
       "      <td>-0.100070</td>\n",
       "      <td>-0.179831</td>\n",
       "      <td>-0.021557</td>\n",
       "    </tr>\n",
       "    <tr>\n",
       "      <th>3</th>\n",
       "      <td>fractalProb_ev</td>\n",
       "      <td>0.469240</td>\n",
       "      <td>-0.490320</td>\n",
       "      <td>-0.250850</td>\n",
       "      <td>1.000000</td>\n",
       "      <td>-0.102470</td>\n",
       "      <td>0.711008</td>\n",
       "      <td>-0.000236</td>\n",
       "    </tr>\n",
       "    <tr>\n",
       "      <th>4</th>\n",
       "      <td>reward_ev</td>\n",
       "      <td>0.745734</td>\n",
       "      <td>-0.622647</td>\n",
       "      <td>-0.100070</td>\n",
       "      <td>-0.102470</td>\n",
       "      <td>1.000000</td>\n",
       "      <td>0.519857</td>\n",
       "      <td>-0.101782</td>\n",
       "    </tr>\n",
       "    <tr>\n",
       "      <th>5</th>\n",
       "      <td>stim_ev</td>\n",
       "      <td>0.920237</td>\n",
       "      <td>-0.814128</td>\n",
       "      <td>-0.179831</td>\n",
       "      <td>0.711008</td>\n",
       "      <td>0.519857</td>\n",
       "      <td>1.000000</td>\n",
       "      <td>-0.000236</td>\n",
       "    </tr>\n",
       "    <tr>\n",
       "      <th>6</th>\n",
       "      <td>stim_rt</td>\n",
       "      <td>-0.053450</td>\n",
       "      <td>-0.065464</td>\n",
       "      <td>-0.021557</td>\n",
       "      <td>-0.000236</td>\n",
       "      <td>-0.101782</td>\n",
       "      <td>-0.000236</td>\n",
       "      <td>1.000000</td>\n",
       "    </tr>\n",
       "  </tbody>\n",
       "</table>\n",
       "</div>"
      ],
      "text/plain": [
       "       Unnamed: 0  choiceShift_st  cross_ev  cross_rt  fractalProb_ev  \\\n",
       "0  choiceShift_st        1.000000 -0.828804 -0.164525        0.469240   \n",
       "1        cross_ev       -0.828804  1.000000  0.006921       -0.490320   \n",
       "2        cross_rt       -0.164525  0.006921  1.000000       -0.250850   \n",
       "3  fractalProb_ev        0.469240 -0.490320 -0.250850        1.000000   \n",
       "4       reward_ev        0.745734 -0.622647 -0.100070       -0.102470   \n",
       "5         stim_ev        0.920237 -0.814128 -0.179831        0.711008   \n",
       "6         stim_rt       -0.053450 -0.065464 -0.021557       -0.000236   \n",
       "\n",
       "   reward_ev   stim_ev   stim_rt  \n",
       "0   0.745734  0.920237 -0.053450  \n",
       "1  -0.622647 -0.814128 -0.065464  \n",
       "2  -0.100070 -0.179831 -0.021557  \n",
       "3  -0.102470  0.711008 -0.000236  \n",
       "4   1.000000  0.519857 -0.101782  \n",
       "5   0.519857  1.000000 -0.000236  \n",
       "6  -0.101782 -0.000236  1.000000  "
      ]
     },
     "execution_count": 6,
     "metadata": {},
     "output_type": "execute_result"
    }
   ],
   "source": [
    "get_mean_cor_df(reg_rt = \"1\", mnum = \"1a\")"
   ]
  },
  {
   "cell_type": "code",
   "execution_count": 7,
   "id": "30b78518-eca4-4d7e-b909-ba0b1bee839b",
   "metadata": {},
   "outputs": [
    {
     "name": "stdout",
     "output_type": "stream",
     "text": [
      "Plotting tvalues filtered for corrected p values < 0.05\n",
      "Plotting tvalues filtered for corrected p values < 0.05\n",
      "Plotting tvalues filtered for corrected p values < 0.05\n",
      "Plotting tvalues filtered for corrected p values < 0.05\n"
     ]
    },
    {
     "data": {
