{
 "cells": [
  {
   "cell_type": "code",
   "execution_count": 1,
   "id": "ab8591ef-3ffc-406f-a700-59be670edd1e",
   "metadata": {},
   "outputs": [
    {
     "name": "stderr",
     "output_type": "stream",
     "text": [
      "/Users/zeynepenkavi/.pyenv/versions/3.8.3/envs/py-dvl-fmri/lib/python3.8/site-packages/nilearn/glm/__init__.py:55: FutureWarning: The nilearn.glm module is experimental. It may change in any future release of Nilearn.\n",
      "  warn('The nilearn.glm module is experimental. '\n",
      "/Users/zeynepenkavi/.pyenv/versions/3.8.3/envs/py-dvl-fmri/lib/python3.8/site-packages/nilearn/datasets/__init__.py:86: FutureWarning: Fetchers from the nilearn.datasets module will be updated in version 0.9 to return python strings instead of bytes and Pandas dataframes instead of Numpy arrays.\n",
      "  warn(\"Fetchers from the nilearn.datasets module will be \"\n"
     ]
    }
   ],
   "source": [
    "import glob\n",
    "import json\n",
    "import matplotlib.pyplot as plt\n",
    "%matplotlib inline\n",
    "import numpy as np\n",
    "import nibabel as nib\n",
    "from nilearn.glm.first_level import FirstLevelModel\n",
    "from nilearn.glm.first_level import make_first_level_design_matrix\n",
    "from nilearn.plotting import plot_design_matrix, plot_stat_map\n",
    "import os\n",
    "import pandas as pd\n",
    "import pickle\n",
    "import re\n",
    "import copy\n",
    "\n",
    "import sys\n",
    "sys.path.append('/Users/zeynepenkavi/Documents/RangelLab/DescribedVsLearned_fmri/analysis/01_level1')\n",
    "from level1_utils import run_level1, make_level1_design_matrix, get_events"
   ]
  },
  {
   "cell_type": "code",
   "execution_count": 2,
   "id": "d19ea9d7-627d-4ce0-bb49-c494c106fd8e",
   "metadata": {},
   "outputs": [],
   "source": [
    "data_path = '/Users/zeynepenkavi/Downloads/GTavares_2017_arbitration/bids_nifti_wface/'\n",
    "behavior_path = '/Users/zeynepenkavi/Downloads/GTavares_2017_arbitration/behavioral_data/all_trials.csv'\n",
    "\n",
    "subnum = '01'\n",
    "runnum='4'\n",
    "\n",
    "to_filter = ['trans', 'rot', 'drift', 'framewise', 'scrub', 'constant', 'dvars']"
   ]
  },
  {
   "cell_type": "code",
   "execution_count": 4,
   "id": "26d46402-168e-4f00-87a8-65c324c3fd0c",
   "metadata": {},
   "outputs": [
    {
     "name": "stdout",
     "output_type": "stream",
     "text": [
      "A 'modulation' column was found in the given events data and is used.\n"
     ]
    },
    {
     "name": "stderr",
     "output_type": "stream",
     "text": [
      "/Users/zeynepenkavi/.pyenv/versions/3.8.3/envs/py-dvl-fmri/lib/python3.8/site-packages/nilearn/_utils/glm.py:310: UserWarning: Matrix is singular at working precision, regularizing...\n",
      "  warn('Matrix is singular at working precision, regularizing...')\n"
     ]
    },
    {
     "data": {
      "text/html": [
       "<div>\n",
       "<style scoped>\n",
       "    .dataframe tbody tr th:only-of-type {\n",
       "        vertical-align: middle;\n",
       "    }\n",
       "\n",
       "    .dataframe tbody tr th {\n",
       "        vertical-align: top;\n",
       "    }\n",
       "\n",
       "    .dataframe thead th {\n",
       "        text-align: right;\n",
       "    }\n",
       "</style>\n",
       "<table border=\"1\" class=\"dataframe\">\n",
       "  <thead>\n",
       "    <tr style=\"text-align: right;\">\n",
       "      <th></th>\n",
       "      <th>choiceShift_st</th>\n",
       "      <th>fractalProb_ev</th>\n",
       "      <th>reward_ev</th>\n",
       "      <th>stim_ev</th>\n",
       "    </tr>\n",
       "  </thead>\n",
       "  <tbody>\n",
       "    <tr>\n",
       "      <th>choiceShift_st</th>\n",
       "      <td>1.000000</td>\n",
       "      <td>0.590639</td>\n",
       "      <td>0.757393</td>\n",
       "      <td>0.837817</td>\n",
       "    </tr>\n",
       "    <tr>\n",
       "      <th>fractalProb_ev</th>\n",
       "      <td>0.590639</td>\n",
       "      <td>1.000000</td>\n",
       "      <td>0.027088</td>\n",
       "      <td>0.645227</td>\n",
       "    </tr>\n",
       "    <tr>\n",
       "      <th>reward_ev</th>\n",
       "      <td>0.757393</td>\n",
       "      <td>0.027088</td>\n",
       "      <td>1.000000</td>\n",
       "      <td>0.498400</td>\n",
       "    </tr>\n",
       "    <tr>\n",
       "      <th>stim_ev</th>\n",
       "      <td>0.837817</td>\n",
       "      <td>0.645227</td>\n",
       "      <td>0.498400</td>\n",
       "      <td>1.000000</td>\n",
       "    </tr>\n",
       "  </tbody>\n",
       "</table>\n",
       "</div>"
      ],
      "text/plain": [
       "                choiceShift_st  fractalProb_ev  reward_ev   stim_ev\n",
       "choiceShift_st        1.000000        0.590639   0.757393  0.837817\n",
       "fractalProb_ev        0.590639        1.000000   0.027088  0.645227\n",
       "reward_ev             0.757393        0.027088   1.000000  0.498400\n",
       "stim_ev               0.837817        0.645227   0.498400  1.000000"
      ]
     },
     "execution_count": 4,
     "metadata": {},
     "output_type": "execute_result"
    }
   ],
   "source": [
    "design_matrix= make_level1_design_matrix(subnum, runnum, 'model1', data_path, behavior_path, regress_rt = 0)\n",
    "# plot_design_matrix(design_matrix)\n",
    "beh_regs = design_matrix.columns\n",
    "beh_regs = [x for x in beh_regs if all(y not in x for y in to_filter)]\n",
    "design_matrix[beh_regs].corr()"
   ]
  },
  {
   "cell_type": "code",
   "execution_count": 5,
   "id": "e602e0bd-7512-4393-9076-133d01e1f91b",
   "metadata": {},
   "outputs": [
    {
     "name": "stdout",
     "output_type": "stream",
     "text": [
      "A 'modulation' column was found in the given events data and is used.\n"
     ]
    },
    {
     "name": "stderr",
     "output_type": "stream",
     "text": [
      "/Users/zeynepenkavi/.pyenv/versions/3.8.3/envs/py-dvl-fmri/lib/python3.8/site-packages/nilearn/_utils/glm.py:310: UserWarning: Matrix is singular at working precision, regularizing...\n",
      "  warn('Matrix is singular at working precision, regularizing...')\n"
     ]
    },
    {
     "data": {
      "text/html": [
       "<div>\n",
       "<style scoped>\n",
       "    .dataframe tbody tr th:only-of-type {\n",
       "        vertical-align: middle;\n",
       "    }\n",
       "\n",
       "    .dataframe tbody tr th {\n",
       "        vertical-align: top;\n",
       "    }\n",
       "\n",
       "    .dataframe thead th {\n",
       "        text-align: right;\n",
       "    }\n",
       "</style>\n",
       "<table border=\"1\" class=\"dataframe\">\n",
       "  <thead>\n",
       "    <tr style=\"text-align: right;\">\n",
       "      <th></th>\n",
       "      <th>choiceShiftLeft_st</th>\n",
       "      <th>choiceShiftRight_st</th>\n",
       "      <th>fractalProb_ev</th>\n",
       "      <th>reward_ev</th>\n",
       "      <th>stim_ev</th>\n",
       "    </tr>\n",
       "  </thead>\n",
       "  <tbody>\n",
       "    <tr>\n",
       "      <th>choiceShiftLeft_st</th>\n",
       "      <td>1.000000</td>\n",
       "      <td>-0.351427</td>\n",
       "      <td>0.290387</td>\n",
       "      <td>0.389383</td>\n",
       "      <td>0.482793</td>\n",
       "    </tr>\n",
       "    <tr>\n",
       "      <th>choiceShiftRight_st</th>\n",
       "      <td>-0.351427</td>\n",
       "      <td>1.000000</td>\n",
       "      <td>0.379695</td>\n",
       "      <td>0.471358</td>\n",
       "      <td>0.473862</td>\n",
       "    </tr>\n",
       "    <tr>\n",
       "      <th>fractalProb_ev</th>\n",
       "      <td>0.290387</td>\n",
       "      <td>0.379695</td>\n",
       "      <td>1.000000</td>\n",
       "      <td>0.027088</td>\n",
       "      <td>0.645227</td>\n",
       "    </tr>\n",
       "    <tr>\n",
       "      <th>reward_ev</th>\n",
       "      <td>0.389383</td>\n",
       "      <td>0.471358</td>\n",
       "      <td>0.027088</td>\n",
       "      <td>1.000000</td>\n",
       "      <td>0.498400</td>\n",
       "    </tr>\n",
       "    <tr>\n",
       "      <th>stim_ev</th>\n",
       "      <td>0.482793</td>\n",
       "      <td>0.473862</td>\n",
       "      <td>0.645227</td>\n",
       "      <td>0.498400</td>\n",
       "      <td>1.000000</td>\n",
       "    </tr>\n",
       "  </tbody>\n",
       "</table>\n",
       "</div>"
      ],
      "text/plain": [
       "                     choiceShiftLeft_st  choiceShiftRight_st  fractalProb_ev  \\\n",
       "choiceShiftLeft_st             1.000000            -0.351427        0.290387   \n",
       "choiceShiftRight_st           -0.351427             1.000000        0.379695   \n",
       "fractalProb_ev                 0.290387             0.379695        1.000000   \n",
       "reward_ev                      0.389383             0.471358        0.027088   \n",
       "stim_ev                        0.482793             0.473862        0.645227   \n",
       "\n",
       "                     reward_ev   stim_ev  \n",
       "choiceShiftLeft_st    0.389383  0.482793  \n",
       "choiceShiftRight_st   0.471358  0.473862  \n",
       "fractalProb_ev        0.027088  0.645227  \n",
       "reward_ev             1.000000  0.498400  \n",
       "stim_ev               0.498400  1.000000  "
      ]
     },
     "execution_count": 5,
     "metadata": {},
     "output_type": "execute_result"
    }
   ],
   "source": [
    "design_matrix= make_level1_design_matrix(subnum, runnum, 'model1a', data_path, behavior_path, regress_rt = 0)\n",
    "beh_regs = design_matrix.columns\n",
    "beh_regs = [x for x in beh_regs if all(y not in x for y in to_filter)]\n",
    "design_matrix[beh_regs].corr()"
   ]
  },
  {
   "cell_type": "code",
   "execution_count": 6,
   "id": "8744210b-f086-4ed2-bb36-4d55ce9a1f67",
   "metadata": {},
   "outputs": [
    {
     "name": "stdout",
     "output_type": "stream",
     "text": [
      "A 'modulation' column was found in the given events data and is used.\n"
     ]
    },
    {
     "name": "stderr",
     "output_type": "stream",
     "text": [
      "/Users/zeynepenkavi/.pyenv/versions/3.8.3/envs/py-dvl-fmri/lib/python3.8/site-packages/nilearn/_utils/glm.py:310: UserWarning: Matrix is singular at working precision, regularizing...\n",
      "  warn('Matrix is singular at working precision, regularizing...')\n"
     ]
    },
    {
     "data": {
      "text/html": [
       "<div>\n",
       "<style scoped>\n",
       "    .dataframe tbody tr th:only-of-type {\n",
       "        vertical-align: middle;\n",
       "    }\n",
       "\n",
       "    .dataframe tbody tr th {\n",
       "        vertical-align: top;\n",
       "    }\n",
       "\n",
       "    .dataframe thead th {\n",
       "        text-align: right;\n",
       "    }\n",
       "</style>\n",
       "<table border=\"1\" class=\"dataframe\">\n",
       "  <thead>\n",
       "    <tr style=\"text-align: right;\">\n",
       "      <th></th>\n",
       "      <th>choiceShift_st</th>\n",
       "      <th>fractalProb_ev</th>\n",
       "      <th>fractalProb_par</th>\n",
       "      <th>reward_ev</th>\n",
       "      <th>stim_ev</th>\n",
       "    </tr>\n",
       "  </thead>\n",
       "  <tbody>\n",
       "    <tr>\n",
       "      <th>choiceShift_st</th>\n",
       "      <td>1.000000</td>\n",
       "      <td>0.590639</td>\n",
       "      <td>0.024667</td>\n",
       "      <td>0.757393</td>\n",
       "      <td>0.837817</td>\n",
       "    </tr>\n",
       "    <tr>\n",
       "      <th>fractalProb_ev</th>\n",
       "      <td>0.590639</td>\n",
       "      <td>1.000000</td>\n",
       "      <td>0.006043</td>\n",
       "      <td>0.027088</td>\n",
       "      <td>0.645227</td>\n",
       "    </tr>\n",
       "    <tr>\n",
       "      <th>fractalProb_par</th>\n",
       "      <td>0.024667</td>\n",
       "      <td>0.006043</td>\n",
       "      <td>1.000000</td>\n",
       "      <td>0.032470</td>\n",
       "      <td>-0.098054</td>\n",
       "    </tr>\n",
       "    <tr>\n",
       "      <th>reward_ev</th>\n",
       "      <td>0.757393</td>\n",
       "      <td>0.027088</td>\n",
       "      <td>0.032470</td>\n",
       "      <td>1.000000</td>\n",
       "      <td>0.498400</td>\n",
       "    </tr>\n",
       "    <tr>\n",
       "      <th>stim_ev</th>\n",
       "      <td>0.837817</td>\n",
       "      <td>0.645227</td>\n",
       "      <td>-0.098054</td>\n",
       "      <td>0.498400</td>\n",
       "      <td>1.000000</td>\n",
       "    </tr>\n",
       "  </tbody>\n",
       "</table>\n",
       "</div>"
      ],
      "text/plain": [
       "                 choiceShift_st  fractalProb_ev  fractalProb_par  reward_ev  \\\n",
       "choiceShift_st         1.000000        0.590639         0.024667   0.757393   \n",
       "fractalProb_ev         0.590639        1.000000         0.006043   0.027088   \n",
       "fractalProb_par        0.024667        0.006043         1.000000   0.032470   \n",
       "reward_ev              0.757393        0.027088         0.032470   1.000000   \n",
       "stim_ev                0.837817        0.645227        -0.098054   0.498400   \n",
       "\n",
       "                  stim_ev  \n",
       "choiceShift_st   0.837817  \n",
       "fractalProb_ev   0.645227  \n",
       "fractalProb_par -0.098054  \n",
       "reward_ev        0.498400  \n",
       "stim_ev          1.000000  "
      ]
     },
     "execution_count": 6,
     "metadata": {},
     "output_type": "execute_result"
    }
   ],
   "source": [
    "design_matrix = make_level1_design_matrix(subnum, runnum, 'model2', data_path, behavior_path, regress_rt = 0)\n",
    "beh_regs = design_matrix.columns\n",
    "beh_regs = [x for x in beh_regs if all(y not in x for y in to_filter)]\n",
    "design_matrix[beh_regs].corr()"
   ]
  },
  {
   "cell_type": "code",
   "execution_count": 7,
   "id": "108ba0e5-4fd7-42c4-9771-ae94e37ed88a",
   "metadata": {},
   "outputs": [
    {
     "name": "stdout",
     "output_type": "stream",
     "text": [
      "A 'modulation' column was found in the given events data and is used.\n"
     ]
    },
    {
     "name": "stderr",
     "output_type": "stream",
     "text": [
      "/Users/zeynepenkavi/.pyenv/versions/3.8.3/envs/py-dvl-fmri/lib/python3.8/site-packages/nilearn/_utils/glm.py:310: UserWarning: Matrix is singular at working precision, regularizing...\n",
      "  warn('Matrix is singular at working precision, regularizing...')\n"
     ]
    },
    {
     "data": {
      "text/html": [
       "<div>\n",
       "<style scoped>\n",
       "    .dataframe tbody tr th:only-of-type {\n",
       "        vertical-align: middle;\n",
       "    }\n",
       "\n",
       "    .dataframe tbody tr th {\n",
       "        vertical-align: top;\n",
       "    }\n",
       "\n",
       "    .dataframe thead th {\n",
       "        text-align: right;\n",
       "    }\n",
       "</style>\n",
       "<table border=\"1\" class=\"dataframe\">\n",
       "  <thead>\n",
       "    <tr style=\"text-align: right;\">\n",
       "      <th></th>\n",
       "      <th>choiceShift_st</th>\n",
       "      <th>fractalProb_ev</th>\n",
       "      <th>fractalProb_par</th>\n",
       "      <th>reward_ev</th>\n",
       "      <th>stim_ev</th>\n",
       "      <th>valDiff_par</th>\n",
       "    </tr>\n",
       "  </thead>\n",
       "  <tbody>\n",
       "    <tr>\n",
       "      <th>choiceShift_st</th>\n",
       "      <td>1.000000</td>\n",
       "      <td>0.590639</td>\n",
       "      <td>0.024667</td>\n",
       "      <td>0.757393</td>\n",
       "      <td>0.837817</td>\n",
       "      <td>0.060696</td>\n",
       "    </tr>\n",
       "    <tr>\n",
       "      <th>fractalProb_ev</th>\n",
       "      <td>0.590639</td>\n",
       "      <td>1.000000</td>\n",
       "      <td>0.006043</td>\n",
       "      <td>0.027088</td>\n",
       "      <td>0.645227</td>\n",
       "      <td>0.043132</td>\n",
       "    </tr>\n",
       "    <tr>\n",
       "      <th>fractalProb_par</th>\n",
       "      <td>0.024667</td>\n",
       "      <td>0.006043</td>\n",
       "      <td>1.000000</td>\n",
       "      <td>0.032470</td>\n",
       "      <td>-0.098054</td>\n",
       "      <td>-0.159301</td>\n",
       "    </tr>\n",
       "    <tr>\n",
       "      <th>reward_ev</th>\n",
       "      <td>0.757393</td>\n",
       "      <td>0.027088</td>\n",
       "      <td>0.032470</td>\n",
       "      <td>1.000000</td>\n",
       "      <td>0.498400</td>\n",
       "      <td>0.029220</td>\n",
       "    </tr>\n",
       "    <tr>\n",
       "      <th>stim_ev</th>\n",
       "      <td>0.837817</td>\n",
       "      <td>0.645227</td>\n",
       "      <td>-0.098054</td>\n",
       "      <td>0.498400</td>\n",
       "      <td>1.000000</td>\n",
       "      <td>0.130875</td>\n",
       "    </tr>\n",
       "    <tr>\n",
       "      <th>valDiff_par</th>\n",
       "      <td>0.060696</td>\n",
       "      <td>0.043132</td>\n",
       "      <td>-0.159301</td>\n",
       "      <td>0.029220</td>\n",
       "      <td>0.130875</td>\n",
       "      <td>1.000000</td>\n",
       "    </tr>\n",
       "  </tbody>\n",
       "</table>\n",
       "</div>"
      ],
      "text/plain": [
       "                 choiceShift_st  fractalProb_ev  fractalProb_par  reward_ev  \\\n",
       "choiceShift_st         1.000000        0.590639         0.024667   0.757393   \n",
       "fractalProb_ev         0.590639        1.000000         0.006043   0.027088   \n",
       "fractalProb_par        0.024667        0.006043         1.000000   0.032470   \n",
       "reward_ev              0.757393        0.027088         0.032470   1.000000   \n",
       "stim_ev                0.837817        0.645227        -0.098054   0.498400   \n",
       "valDiff_par            0.060696        0.043132        -0.159301   0.029220   \n",
       "\n",
       "                  stim_ev  valDiff_par  \n",
       "choiceShift_st   0.837817     0.060696  \n",
       "fractalProb_ev   0.645227     0.043132  \n",
       "fractalProb_par -0.098054    -0.159301  \n",
       "reward_ev        0.498400     0.029220  \n",
       "stim_ev          1.000000     0.130875  \n",
       "valDiff_par      0.130875     1.000000  "
      ]
     },
     "execution_count": 7,
     "metadata": {},
     "output_type": "execute_result"
    }
   ],
   "source": [
    "design_matrix= make_level1_design_matrix(subnum, runnum, 'model3', data_path, behavior_path, regress_rt = 0)\n",
    "beh_regs = design_matrix.columns\n",
    "beh_regs = [x for x in beh_regs if all(y not in x for y in to_filter)]\n",
    "design_matrix[beh_regs].corr()"
   ]
  },
  {
   "cell_type": "code",
   "execution_count": 8,
   "id": "368c7848-cba8-40ef-9cb7-58d5d6ca863f",
   "metadata": {},
   "outputs": [
    {
     "name": "stdout",
     "output_type": "stream",
     "text": [
      "A 'modulation' column was found in the given events data and is used.\n"
     ]
    },
    {
     "name": "stderr",
     "output_type": "stream",
     "text": [
      "/Users/zeynepenkavi/.pyenv/versions/3.8.3/envs/py-dvl-fmri/lib/python3.8/site-packages/nilearn/_utils/glm.py:310: UserWarning: Matrix is singular at working precision, regularizing...\n",
      "  warn('Matrix is singular at working precision, regularizing...')\n"
     ]
    },
    {
     "data": {
      "text/html": [
       "<div>\n",
       "<style scoped>\n",
       "    .dataframe tbody tr th:only-of-type {\n",
       "        vertical-align: middle;\n",
       "    }\n",
       "\n",
       "    .dataframe tbody tr th {\n",
       "        vertical-align: top;\n",
       "    }\n",
       "\n",
       "    .dataframe thead th {\n",
       "        text-align: right;\n",
       "    }\n",
       "</style>\n",
       "<table border=\"1\" class=\"dataframe\">\n",
       "  <thead>\n",
       "    <tr style=\"text-align: right;\">\n",
       "      <th></th>\n",
       "      <th>choiceShift_st</th>\n",
       "      <th>fractalProb_ev</th>\n",
       "      <th>fractalProb_par</th>\n",
       "      <th>reward_ev</th>\n",
       "      <th>stim_ev</th>\n",
       "      <th>valChosen_par</th>\n",
       "      <th>valUnchosen_par</th>\n",
       "    </tr>\n",
       "  </thead>\n",
       "  <tbody>\n",
       "    <tr>\n",
       "      <th>choiceShift_st</th>\n",
       "      <td>1.000000</td>\n",
       "      <td>0.590639</td>\n",
       "      <td>0.024667</td>\n",
       "      <td>0.757393</td>\n",
       "      <td>0.837817</td>\n",
       "      <td>-0.044498</td>\n",
       "      <td>0.037792</td>\n",
       "    </tr>\n",
       "    <tr>\n",
       "      <th>fractalProb_ev</th>\n",
       "      <td>0.590639</td>\n",
       "      <td>1.000000</td>\n",
       "      <td>0.006043</td>\n",
       "      <td>0.027088</td>\n",
       "      <td>0.645227</td>\n",
       "      <td>-0.030753</td>\n",
       "      <td>0.022965</td>\n",
       "    </tr>\n",
       "    <tr>\n",
       "      <th>fractalProb_par</th>\n",
       "      <td>0.024667</td>\n",
       "      <td>0.006043</td>\n",
       "      <td>1.000000</td>\n",
       "      <td>0.032470</td>\n",
       "      <td>-0.098054</td>\n",
       "      <td>-0.301764</td>\n",
       "      <td>-0.126303</td>\n",
       "    </tr>\n",
       "    <tr>\n",
       "      <th>reward_ev</th>\n",
       "      <td>0.757393</td>\n",
       "      <td>0.027088</td>\n",
       "      <td>0.032470</td>\n",
       "      <td>1.000000</td>\n",
       "      <td>0.498400</td>\n",
       "      <td>-0.019469</td>\n",
       "      <td>0.013940</td>\n",
       "    </tr>\n",
       "    <tr>\n",
       "      <th>stim_ev</th>\n",
       "      <td>0.837817</td>\n",
       "      <td>0.645227</td>\n",
       "      <td>-0.098054</td>\n",
       "      <td>0.498400</td>\n",
       "      <td>1.000000</td>\n",
       "      <td>-0.176986</td>\n",
       "      <td>0.132436</td>\n",
       "    </tr>\n",
       "    <tr>\n",
       "      <th>valChosen_par</th>\n",
       "      <td>-0.044498</td>\n",
       "      <td>-0.030753</td>\n",
       "      <td>-0.301764</td>\n",
       "      <td>-0.019469</td>\n",
       "      <td>-0.176986</td>\n",
       "      <td>1.000000</td>\n",
       "      <td>0.242648</td>\n",
       "    </tr>\n",
       "    <tr>\n",
       "      <th>valUnchosen_par</th>\n",
       "      <td>0.037792</td>\n",
       "      <td>0.022965</td>\n",
       "      <td>-0.126303</td>\n",
       "      <td>0.013940</td>\n",
       "      <td>0.132436</td>\n",
       "      <td>0.242648</td>\n",
       "      <td>1.000000</td>\n",
       "    </tr>\n",
       "  </tbody>\n",
       "</table>\n",
       "</div>"
      ],
      "text/plain": [
       "                 choiceShift_st  fractalProb_ev  fractalProb_par  reward_ev  \\\n",
       "choiceShift_st         1.000000        0.590639         0.024667   0.757393   \n",
       "fractalProb_ev         0.590639        1.000000         0.006043   0.027088   \n",
       "fractalProb_par        0.024667        0.006043         1.000000   0.032470   \n",
       "reward_ev              0.757393        0.027088         0.032470   1.000000   \n",
       "stim_ev                0.837817        0.645227        -0.098054   0.498400   \n",
       "valChosen_par         -0.044498       -0.030753        -0.301764  -0.019469   \n",
       "valUnchosen_par        0.037792        0.022965        -0.126303   0.013940   \n",
       "\n",
       "                  stim_ev  valChosen_par  valUnchosen_par  \n",
       "choiceShift_st   0.837817      -0.044498         0.037792  \n",
       "fractalProb_ev   0.645227      -0.030753         0.022965  \n",
       "fractalProb_par -0.098054      -0.301764        -0.126303  \n",
       "reward_ev        0.498400      -0.019469         0.013940  \n",
       "stim_ev          1.000000      -0.176986         0.132436  \n",
       "valChosen_par   -0.176986       1.000000         0.242648  \n",
       "valUnchosen_par  0.132436       0.242648         1.000000  "
      ]
     },
     "execution_count": 8,
     "metadata": {},
     "output_type": "execute_result"
    }
   ],
   "source": [
    "design_matrix= make_level1_design_matrix(subnum, runnum, 'model4', data_path, behavior_path, regress_rt = 0)\n",
    "beh_regs = design_matrix.columns\n",
    "beh_regs = [x for x in beh_regs if all(y not in x for y in to_filter)]\n",
    "design_matrix[beh_regs].corr()"
   ]
  },
  {
   "cell_type": "code",
   "execution_count": 9,
   "id": "2dd6ad76-5454-49c1-92ab-f821171b23df",
   "metadata": {},
   "outputs": [
    {
     "name": "stdout",
     "output_type": "stream",
     "text": [
      "A 'modulation' column was found in the given events data and is used.\n"
     ]
    },
    {
     "name": "stderr",
     "output_type": "stream",
     "text": [
      "/Users/zeynepenkavi/.pyenv/versions/3.8.3/envs/py-dvl-fmri/lib/python3.8/site-packages/nilearn/_utils/glm.py:310: UserWarning: Matrix is singular at working precision, regularizing...\n",
      "  warn('Matrix is singular at working precision, regularizing...')\n"
     ]
    },
    {
     "data": {
      "text/html": [
       "<div>\n",
       "<style scoped>\n",
       "    .dataframe tbody tr th:only-of-type {\n",
       "        vertical-align: middle;\n",
       "    }\n",
       "\n",
       "    .dataframe tbody tr th {\n",
       "        vertical-align: top;\n",
       "    }\n",
       "\n",
       "    .dataframe thead th {\n",
       "        text-align: right;\n",
       "    }\n",
       "</style>\n",
       "<table border=\"1\" class=\"dataframe\">\n",
       "  <thead>\n",
       "    <tr style=\"text-align: right;\">\n",
       "      <th></th>\n",
       "      <th>choiceShift_st</th>\n",
       "      <th>fractalProb_ev</th>\n",
       "      <th>fractalProb_par</th>\n",
       "      <th>reward_ev</th>\n",
       "      <th>stim_ev</th>\n",
       "      <th>valChosen_par</th>\n",
       "      <th>valUnchosen_par</th>\n",
       "    </tr>\n",
       "  </thead>\n",
       "  <tbody>\n",
       "    <tr>\n",
       "      <th>choiceShift_st</th>\n",
       "      <td>1.000000e+00</td>\n",
       "      <td>-1.876402e-02</td>\n",
       "      <td>-5.282643e-15</td>\n",
       "      <td>9.278736e-02</td>\n",
       "      <td>-1.208398e-02</td>\n",
       "      <td>5.825958e-04</td>\n",
       "      <td>-1.467576e-03</td>\n",
       "    </tr>\n",
       "    <tr>\n",
       "      <th>fractalProb_ev</th>\n",
       "      <td>-1.876402e-02</td>\n",
       "      <td>1.000000e+00</td>\n",
       "      <td>-1.507562e-13</td>\n",
       "      <td>-2.022260e-01</td>\n",
       "      <td>-1.020359e-01</td>\n",
       "      <td>4.919383e-03</td>\n",
       "      <td>-1.239207e-02</td>\n",
       "    </tr>\n",
       "    <tr>\n",
       "      <th>fractalProb_par</th>\n",
       "      <td>-5.282643e-15</td>\n",
       "      <td>-1.507562e-13</td>\n",
       "      <td>1.000000e+00</td>\n",
       "      <td>2.293617e-14</td>\n",
       "      <td>-8.030047e-14</td>\n",
       "      <td>-1.185609e-13</td>\n",
       "      <td>-1.039239e-13</td>\n",
       "    </tr>\n",
       "    <tr>\n",
       "      <th>reward_ev</th>\n",
       "      <td>9.278736e-02</td>\n",
       "      <td>-2.022260e-01</td>\n",
       "      <td>2.293617e-14</td>\n",
       "      <td>1.000000e+00</td>\n",
       "      <td>-1.302330e-01</td>\n",
       "      <td>6.278827e-03</td>\n",
       "      <td>-1.581655e-02</td>\n",
       "    </tr>\n",
       "    <tr>\n",
       "      <th>stim_ev</th>\n",
       "      <td>-1.208398e-02</td>\n",
       "      <td>-1.020359e-01</td>\n",
       "      <td>-8.030047e-14</td>\n",
       "      <td>-1.302330e-01</td>\n",
       "      <td>1.000000e+00</td>\n",
       "      <td>-4.821226e-02</td>\n",
       "      <td>1.214481e-01</td>\n",
       "    </tr>\n",
       "    <tr>\n",
       "      <th>valChosen_par</th>\n",
       "      <td>5.825958e-04</td>\n",
       "      <td>4.919383e-03</td>\n",
       "      <td>-1.185609e-13</td>\n",
       "      <td>6.278827e-03</td>\n",
       "      <td>-4.821226e-02</td>\n",
       "      <td>1.000000e+00</td>\n",
       "      <td>2.879616e-01</td>\n",
       "    </tr>\n",
       "    <tr>\n",
       "      <th>valUnchosen_par</th>\n",
       "      <td>-1.467576e-03</td>\n",
       "      <td>-1.239207e-02</td>\n",
       "      <td>-1.039239e-13</td>\n",
       "      <td>-1.581655e-02</td>\n",
       "      <td>1.214481e-01</td>\n",
       "      <td>2.879616e-01</td>\n",
       "      <td>1.000000e+00</td>\n",
       "    </tr>\n",
       "  </tbody>\n",
       "</table>\n",
       "</div>"
      ],
      "text/plain": [
       "                 choiceShift_st  fractalProb_ev  fractalProb_par  \\\n",
       "choiceShift_st     1.000000e+00   -1.876402e-02    -5.282643e-15   \n",
       "fractalProb_ev    -1.876402e-02    1.000000e+00    -1.507562e-13   \n",
       "fractalProb_par   -5.282643e-15   -1.507562e-13     1.000000e+00   \n",
       "reward_ev          9.278736e-02   -2.022260e-01     2.293617e-14   \n",
       "stim_ev           -1.208398e-02   -1.020359e-01    -8.030047e-14   \n",
       "valChosen_par      5.825958e-04    4.919383e-03    -1.185609e-13   \n",
       "valUnchosen_par   -1.467576e-03   -1.239207e-02    -1.039239e-13   \n",
       "\n",
       "                    reward_ev       stim_ev  valChosen_par  valUnchosen_par  \n",
       "choiceShift_st   9.278736e-02 -1.208398e-02   5.825958e-04    -1.467576e-03  \n",
       "fractalProb_ev  -2.022260e-01 -1.020359e-01   4.919383e-03    -1.239207e-02  \n",
       "fractalProb_par  2.293617e-14 -8.030047e-14  -1.185609e-13    -1.039239e-13  \n",
       "reward_ev        1.000000e+00 -1.302330e-01   6.278827e-03    -1.581655e-02  \n",
       "stim_ev         -1.302330e-01  1.000000e+00  -4.821226e-02     1.214481e-01  \n",
       "valChosen_par    6.278827e-03 -4.821226e-02   1.000000e+00     2.879616e-01  \n",
       "valUnchosen_par -1.581655e-02  1.214481e-01   2.879616e-01     1.000000e+00  "
      ]
     },
     "execution_count": 9,
     "metadata": {},
     "output_type": "execute_result"
    }
   ],
   "source": [
    "design_matrix= make_level1_design_matrix(subnum, runnum, 'model4', data_path, behavior_path, regress_rt = 0, hrf_model=None, drift_model=None)\n",
    "beh_regs = design_matrix.columns\n",
    "beh_regs = [x for x in beh_regs if all(y not in x for y in to_filter)]\n",
    "design_matrix[beh_regs].corr()"
   ]
  },
  {
   "cell_type": "code",
   "execution_count": 10,
   "id": "25af6c9d-6423-4631-a2c1-0513b5caaa39",
   "metadata": {},
   "outputs": [
    {
     "name": "stdout",
     "output_type": "stream",
     "text": [
      "A 'modulation' column was found in the given events data and is used.\n"
     ]
    },
    {
     "name": "stderr",
     "output_type": "stream",
     "text": [
      "/Users/zeynepenkavi/.pyenv/versions/3.8.3/envs/py-dvl-fmri/lib/python3.8/site-packages/nilearn/_utils/glm.py:310: UserWarning: Matrix is singular at working precision, regularizing...\n",
      "  warn('Matrix is singular at working precision, regularizing...')\n"
     ]
    },
    {
     "data": {
      "text/html": [
       "<div>\n",
       "<style scoped>\n",
       "    .dataframe tbody tr th:only-of-type {\n",
       "        vertical-align: middle;\n",
       "    }\n",
       "\n",
       "    .dataframe tbody tr th {\n",
       "        vertical-align: top;\n",
       "    }\n",
       "\n",
       "    .dataframe thead th {\n",
       "        text-align: right;\n",
       "    }\n",
       "</style>\n",
       "<table border=\"1\" class=\"dataframe\">\n",
       "  <thead>\n",
       "    <tr style=\"text-align: right;\">\n",
       "      <th></th>\n",
       "      <th>choiceShift_st</th>\n",
       "      <th>fractalProb_ev</th>\n",
       "      <th>fractalProb_par</th>\n",
       "      <th>reward_ev</th>\n",
       "      <th>stim_ev</th>\n",
       "      <th>valDiffFractal_par</th>\n",
       "      <th>valDiffLottery_par</th>\n",
       "    </tr>\n",
       "  </thead>\n",
       "  <tbody>\n",
       "    <tr>\n",
       "      <th>choiceShift_st</th>\n",
       "      <td>1.000000</td>\n",
       "      <td>0.590639</td>\n",
       "      <td>0.024667</td>\n",
       "      <td>0.757393</td>\n",
       "      <td>0.837817</td>\n",
       "      <td>0.066875</td>\n",
       "      <td>0.001632</td>\n",
       "    </tr>\n",
       "    <tr>\n",
       "      <th>fractalProb_ev</th>\n",
       "      <td>0.590639</td>\n",
       "      <td>1.000000</td>\n",
       "      <td>0.006043</td>\n",
       "      <td>0.027088</td>\n",
       "      <td>0.645227</td>\n",
       "      <td>0.048696</td>\n",
       "      <td>-0.001519</td>\n",
       "    </tr>\n",
       "    <tr>\n",
       "      <th>fractalProb_par</th>\n",
       "      <td>0.024667</td>\n",
       "      <td>0.006043</td>\n",
       "      <td>1.000000</td>\n",
       "      <td>0.032470</td>\n",
       "      <td>-0.098054</td>\n",
       "      <td>-0.055300</td>\n",
       "      <td>0.047054</td>\n",
       "    </tr>\n",
       "    <tr>\n",
       "      <th>reward_ev</th>\n",
       "      <td>0.757393</td>\n",
       "      <td>0.027088</td>\n",
       "      <td>0.032470</td>\n",
       "      <td>1.000000</td>\n",
       "      <td>0.498400</td>\n",
       "      <td>0.034670</td>\n",
       "      <td>-0.001794</td>\n",
       "    </tr>\n",
       "    <tr>\n",
       "      <th>stim_ev</th>\n",
       "      <td>0.837817</td>\n",
       "      <td>0.645227</td>\n",
       "      <td>-0.098054</td>\n",
       "      <td>0.498400</td>\n",
       "      <td>1.000000</td>\n",
       "      <td>0.145922</td>\n",
       "      <td>0.009642</td>\n",
       "    </tr>\n",
       "    <tr>\n",
       "      <th>valDiffFractal_par</th>\n",
       "      <td>0.066875</td>\n",
       "      <td>0.048696</td>\n",
       "      <td>-0.055300</td>\n",
       "      <td>0.034670</td>\n",
       "      <td>0.145922</td>\n",
       "      <td>1.000000</td>\n",
       "      <td>-0.082635</td>\n",
       "    </tr>\n",
       "    <tr>\n",
       "      <th>valDiffLottery_par</th>\n",
       "      <td>0.001632</td>\n",
       "      <td>-0.001519</td>\n",
       "      <td>0.047054</td>\n",
       "      <td>-0.001794</td>\n",
       "      <td>0.009642</td>\n",
       "      <td>-0.082635</td>\n",
       "      <td>1.000000</td>\n",
       "    </tr>\n",
       "  </tbody>\n",
       "</table>\n",
       "</div>"
      ],
      "text/plain": [
       "                    choiceShift_st  fractalProb_ev  fractalProb_par  \\\n",
       "choiceShift_st            1.000000        0.590639         0.024667   \n",
       "fractalProb_ev            0.590639        1.000000         0.006043   \n",
       "fractalProb_par           0.024667        0.006043         1.000000   \n",
       "reward_ev                 0.757393        0.027088         0.032470   \n",
       "stim_ev                   0.837817        0.645227        -0.098054   \n",
       "valDiffFractal_par        0.066875        0.048696        -0.055300   \n",
       "valDiffLottery_par        0.001632       -0.001519         0.047054   \n",
       "\n",
       "                    reward_ev   stim_ev  valDiffFractal_par  \\\n",
       "choiceShift_st       0.757393  0.837817            0.066875   \n",
       "fractalProb_ev       0.027088  0.645227            0.048696   \n",
       "fractalProb_par      0.032470 -0.098054           -0.055300   \n",
       "reward_ev            1.000000  0.498400            0.034670   \n",
       "stim_ev              0.498400  1.000000            0.145922   \n",
       "valDiffFractal_par   0.034670  0.145922            1.000000   \n",
       "valDiffLottery_par  -0.001794  0.009642           -0.082635   \n",
       "\n",
       "                    valDiffLottery_par  \n",
       "choiceShift_st                0.001632  \n",
       "fractalProb_ev               -0.001519  \n",
       "fractalProb_par               0.047054  \n",
       "reward_ev                    -0.001794  \n",
       "stim_ev                       0.009642  \n",
       "valDiffFractal_par           -0.082635  \n",
       "valDiffLottery_par            1.000000  "
      ]
     },
     "execution_count": 10,
     "metadata": {},
     "output_type": "execute_result"
    }
   ],
   "source": [
    "design_matrix= make_level1_design_matrix(subnum, runnum, 'model5', data_path, behavior_path, regress_rt = 0)\n",
    "beh_regs = design_matrix.columns\n",
    "beh_regs = [x for x in beh_regs if all(y not in x for y in to_filter)]\n",
    "design_matrix[beh_regs].corr()"
   ]
  },
  {
   "cell_type": "code",
   "execution_count": 11,
   "id": "43fa31bd-e895-4082-9575-212275ca70f8",
   "metadata": {},
   "outputs": [
    {
     "name": "stdout",
     "output_type": "stream",
     "text": [
      "A 'modulation' column was found in the given events data and is used.\n"
     ]
    },
    {
     "name": "stderr",
     "output_type": "stream",
     "text": [
      "/Users/zeynepenkavi/.pyenv/versions/3.8.3/envs/py-dvl-fmri/lib/python3.8/site-packages/nilearn/_utils/glm.py:310: UserWarning: Matrix is singular at working precision, regularizing...\n",
      "  warn('Matrix is singular at working precision, regularizing...')\n"
     ]
    },
    {
     "data": {
      "text/html": [
       "<div>\n",
       "<style scoped>\n",
       "    .dataframe tbody tr th:only-of-type {\n",
       "        vertical-align: middle;\n",
       "    }\n",
       "\n",
       "    .dataframe tbody tr th {\n",
       "        vertical-align: top;\n",
       "    }\n",
       "\n",
       "    .dataframe thead th {\n",
       "        text-align: right;\n",
       "    }\n",
       "</style>\n",
       "<table border=\"1\" class=\"dataframe\">\n",
       "  <thead>\n",
       "    <tr style=\"text-align: right;\">\n",
       "      <th></th>\n",
       "      <th>choiceShift_st</th>\n",
       "      <th>fractalProb_ev</th>\n",
       "      <th>fractalProb_par</th>\n",
       "      <th>reward_ev</th>\n",
       "      <th>stim_ev</th>\n",
       "      <th>valDiffFractalWeighted_par</th>\n",
       "      <th>valDiffLotteryWeighted_par</th>\n",
       "    </tr>\n",
       "  </thead>\n",
       "  <tbody>\n",
       "    <tr>\n",
       "      <th>choiceShift_st</th>\n",
       "      <td>1.000000</td>\n",
       "      <td>0.590639</td>\n",
       "      <td>0.024667</td>\n",
       "      <td>0.757393</td>\n",
       "      <td>0.837817</td>\n",
       "      <td>0.008549</td>\n",
       "      <td>-0.005146</td>\n",
       "    </tr>\n",
       "    <tr>\n",
       "      <th>fractalProb_ev</th>\n",
       "      <td>0.590639</td>\n",
       "      <td>1.000000</td>\n",
       "      <td>0.006043</td>\n",
       "      <td>0.027088</td>\n",
       "      <td>0.645227</td>\n",
       "      <td>0.001036</td>\n",
       "      <td>-0.003685</td>\n",
       "    </tr>\n",
       "    <tr>\n",
       "      <th>fractalProb_par</th>\n",
       "      <td>0.024667</td>\n",
       "      <td>0.006043</td>\n",
       "      <td>1.000000</td>\n",
       "      <td>0.032470</td>\n",
       "      <td>-0.098054</td>\n",
       "      <td>0.010299</td>\n",
       "      <td>0.085413</td>\n",
       "    </tr>\n",
       "    <tr>\n",
       "      <th>reward_ev</th>\n",
       "      <td>0.757393</td>\n",
       "      <td>0.027088</td>\n",
       "      <td>0.032470</td>\n",
       "      <td>1.000000</td>\n",
       "      <td>0.498400</td>\n",
       "      <td>-0.004034</td>\n",
       "      <td>-0.004963</td>\n",
       "    </tr>\n",
       "    <tr>\n",
       "      <th>stim_ev</th>\n",
       "      <td>0.837817</td>\n",
